100POKE 646, $01:PRINT CHR$(147)
200FORT=0TO256*8:READA:IFA=-1THENT=256*8:NEXTT:GOTO250
240VPOKE1,$F000+T,A:NEXTT
250Z=0
300FORY=0TO3:FORX=0TO63
400VPOKE0,((128*20)+X+(128*Y))*2,Z:VPOKE0,(((128*20)+X+(128*Y))*2)+1,$01

500Z=Z+1:NEXTX:NEXTY

1000 DATA 0,56,68,84,72,32,28,0
1010 DATA 0,56,108,124,108,108,0,0
1020 DATA 0,120,108,120,108,120,0,0
1030 DATA 0,56,100,96,100,56,0,0
1040 DATA 0,120,108,108,108,120,0,0
1050 DATA 0,124,100,112,100,124,0,0
1060 DATA 0,124,100,112,96,96,0,0
1070 DATA 0,56,100,96,108,60,4,0
1080 DATA 0,108,108,124,108,108,0,0
1090 DATA 0,126,90,24,90,126,0,0
1100 DATA 0,124,24,24,88,120,48,0
1110 DATA 0,100,104,120,100,100,0,0
1120 DATA 0,96,96,96,100,124,0,0
1130 DATA 0,98,118,106,98,98,0,0
1140 DATA 0,100,116,108,100,100,0,0
1150 DATA 0,60,102,102,102,60,0,0
1160 DATA 0,120,108,120,96,96,0,0
1170 DATA 0,60,102,118,110,60,2,0
1180 DATA 0,120,108,120,100,100,0,0
1190 DATA 0,60,96,124,12,120,0,0
1200 DATA 0,126,90,24,24,24,0,0
1210 DATA 0,100,100,100,100,58,0,0
1220 DATA 0,108,108,108,56,16,0,0
1230 DATA 0,98,98,106,118,98,0,0
1240 DATA 0,102,102,24,102,102,0,0
1250 DATA 0,102,102,60,24,24,0,0
1260 DATA 0,124,28,56,112,124,0,0
1270 DATA 0,24,16,16,16,16,24,0
1280 DATA 0,24,32,112,32,88,0,0
1290 DATA 0,24,8,8,8,8,24,0
1300 DATA 0,24,60,126,24,24,24,0
1310 DATA 0,16,48,126,126,48,16,0
1320 DATA 0,0,0,0,0,0,0,0
1330 DATA 0,8,8,8,8,0,8,0
1340 DATA 0,18,36,0,0,0,0,0
1350 DATA 0,36,126,36,126,36,0,0
1360 DATA 16,60,64,56,4,120,16,0
1370 DATA 0,2,36,8,16,36,64,0
1380 DATA 0,56,68,56,68,58,0,0
1390 DATA 0,8,16,0,0,0,0,0
1400 DATA 0,8,16,16,16,16,8,0
1410 DATA 0,16,8,8,8,8,16,0
1420 DATA 0,16,84,56,56,84,16,0
1430 DATA 0,16,16,124,16,16,0,0
1440 DATA 0,0,0,0,0,8,16,0
1450 DATA 0,0,0,60,0,0,0,0
1460 DATA 0,0,0,0,0,24,24,0
1470 DATA 0,6,12,24,48,96,0,0
1480 DATA 0,60,102,110,118,60,0,0
1490 DATA 0,24,56,24,24,60,0,0
1500 DATA 0,56,76,28,56,126,0,0
1510 DATA 0,60,78,28,78,60,0,0
1520 DATA 0,44,76,126,12,12,0,0
1530 DATA 0,124,96,124,12,124,0,0
1540 DATA 0,56,96,120,108,56,0,0
1550 DATA 0,124,76,28,24,24,0,0
1560 DATA 0,56,108,56,108,56,0,0
1570 DATA 0,56,108,60,12,56,0,0
1580 DATA 0,24,24,0,0,24,24,0
1590 DATA 0,24,24,0,24,24,8,16
1600 DATA 14,24,48,96,48,24,14,0
1610 DATA 0,0,126,0,126,0,0,0
1620 DATA 112,24,12,6,12,24,112,0
1630 DATA 60,66,2,12,16,0,16,0
1640 DATA 255,68,255,17,255,68,255,17
1650 DATA 126,126,126,126,94,126,126,126
1660 DATA 255,129,255,129,255,129,255,129
1670 DATA 129,255,129,255,129,255,129,255
1680 DATA 0,96,48,24,28,10,7,7
1690 DATA 0,0,4,122,68,0,0,0
1700 DATA 0,0,126,126,126,36,126,0
1710 DATA 0,30,60,60,60,60,124,0
1720 DATA 20,62,28,62,42,8,20,20
1730 DATA 0,0,0,24,24,0,0,0
1740 DATA 0,112,94,26,30,30,30,0
1750 DATA 0,24,60,60,60,60,60,0
1760 DATA 0,20,54,8,54,20,0,0
1770 DATA 0,40,56,84,56,40,16,0
1780 DATA 16,16,56,84,16,40,40,40
1790 DATA 0,40,116,116,56,16,0,0
1800 DATA 0,40,116,100,40,16,0,0
1810 DATA 0,40,84,68,40,16,0,0
1820 DATA 16,16,56,84,16,40,40,40
1830 DATA 0,40,124,124,56,16,0,0
1840 DATA 16,16,56,87,16,40,36,68
1850 DATA 16,16,56,84,18,42,42,40
1860 DATA 8,8,28,234,8,20,36,34
1870 DATA 18,18,58,84,16,40,40,40
1880 DATA 0,0,60,66,126,126,0,0
1890 DATA 0,60,66,66,36,24,24,0
1900 DATA 0,24,36,36,24,24,24,0
1910 DATA 0,0,24,36,36,24,24,0
1920 DATA 0,60,126,90,126,36,24,0
1930 DATA 0,60,126,90,126,36,36,24
1940 DATA 0,32,80,0,2,5,0,0
1950 DATA 255,136,136,136,255,34,34,34
1960 DATA 255,131,255,56,255,131,255,56
1970 DATA 255,128,255,8,255,128,255,8
1980 DATA 255,128,128,128,255,8,8,8
1990 DATA 24,24,24,255,255,24,24,24
2000 DATA 24,24,24,24,24,24,24,24
2010 DATA 0,0,0,255,255,0,0,0
2020 DATA 24,24,24,31,31,24,24,24
2030 DATA 0,0,0,255,255,24,24,24
2040 DATA 24,24,24,248,248,24,24,24
2050 DATA 24,24,24,255,255,0,0,0
2060 DATA 24,24,24,31,31,0,0,0
2070 DATA 0,0,0,31,31,24,24,24
2080 DATA 0,0,0,248,248,24,24,24
2090 DATA 24,24,24,248,248,0,0,0
2100 DATA 0,24,36,66,66,36,24,0
2110 DATA 0,24,60,126,126,60,24,0
2120 DATA 0,60,66,66,66,66,60,0
2130 DATA 0,60,126,126,126,126,60,0
2140 DATA 0,2,4,8,80,32,80,0
2150 DATA 32,46,57,16,80,185,46,32
2160 DATA 4,116,156,8,10,157,116,4
2170 DATA 0,0,48,192,132,196,104,56
2180 DATA 32,46,57,16,16,57,46,32
2190 DATA 44,48,33,49,74,143,0,0
2200 DATA 52,12,132,140,82,241,0,0
2210 DATA 4,116,156,8,8,156,116,4
2220 DATA 0,0,12,3,33,35,22,28
2230 DATA 36,66,66,102,60,231,0,0
2240 DATA 0,16,32,126,126,32,16,0
2250 DATA 0,8,4,126,126,4,8,0
2260 DATA 0,24,24,24,90,60,24,0
2270 DATA 0,24,60,90,24,24,24,0
2280 DATA 255,199,187,171,183,223,227,255
2290 DATA 255,199,147,131,147,147,255,255
2300 DATA 255,135,147,135,147,135,255,255
2310 DATA 255,199,155,159,155,199,255,255
2320 DATA 255,135,147,147,147,135,255,255
2330 DATA 255,131,155,143,155,131,255,255
2340 DATA 255,131,155,143,159,159,255,255
2350 DATA 255,199,155,159,147,195,251,255
2360 DATA 255,147,147,131,147,147,255,255
2370 DATA 255,129,165,231,165,129,255,255
2380 DATA 255,131,231,231,167,135,207,255
2390 DATA 255,155,151,135,155,155,255,255
2400 DATA 255,159,159,159,155,131,255,255
2410 DATA 255,157,137,149,157,157,255,255
2420 DATA 255,155,139,147,155,155,255,255
2430 DATA 255,195,153,153,153,195,255,255
2440 DATA 255,135,147,135,159,159,255,255
2450 DATA 255,195,153,137,145,195,253,255
2460 DATA 255,135,147,135,155,155,255,255
2470 DATA 255,195,159,131,243,135,255,255
2480 DATA 255,129,165,231,231,231,255,255
2490 DATA 255,155,155,155,155,197,255,255
2500 DATA 255,147,147,147,199,239,255,255
2510 DATA 255,157,157,149,137,157,255,255
2520 DATA 255,153,153,231,153,153,255,255
2530 DATA 255,153,153,195,231,231,255,255
2540 DATA 255,131,227,199,143,131,255,255
2550 DATA 255,231,239,239,239,239,231,255
2560 DATA 255,231,223,143,223,167,255,255
2570 DATA 255,231,247,247,247,247,231,255
2580 DATA 255,231,195,129,231,231,231,255
2590 DATA 255,239,207,129,129,207,239,255
2600 DATA 255,255,255,255,255,255,255,255
2610 DATA 255,247,247,247,247,255,247,255
2620 DATA 255,237,219,255,255,255,255,255
2630 DATA 255,219,129,219,129,219,255,255
2640 DATA 239,195,191,199,251,135,239,255
2650 DATA 255,253,219,247,239,219,191,255
2660 DATA 255,199,187,199,187,197,255,255
2670 DATA 255,247,239,255,255,255,255,255
2680 DATA 255,247,239,239,239,239,247,255
2690 DATA 255,239,247,247,247,247,239,255
2700 DATA 255,239,171,199,199,171,239,255
2710 DATA 255,239,239,131,239,239,255,255
2720 DATA 255,255,255,255,255,247,239,255
2730 DATA 255,255,255,195,255,255,255,255
2740 DATA 255,255,255,255,255,231,231,255
2750 DATA 255,249,243,231,207,159,255,255
2760 DATA 255,195,153,145,137,195,255,255
2770 DATA 255,231,199,231,231,195,255,255
2780 DATA 255,199,179,227,199,129,255,255
2790 DATA 255,195,177,227,177,195,255,255
2800 DATA 255,211,179,129,243,243,255,255
2810 DATA 255,131,159,131,243,131,255,255
2820 DATA 255,199,159,135,147,199,255,255
2830 DATA 255,131,179,227,231,231,255,255
2840 DATA 255,199,147,199,147,199,255,255
2850 DATA 255,199,147,195,243,199,255,255
2860 DATA 255,231,231,255,255,231,231,255
2870 DATA 255,231,231,255,231,231,247,239
2880 DATA 241,231,207,159,207,231,241,255
2890 DATA 255,255,129,255,129,255,255,255
2900 DATA 143,231,243,249,243,231,143,255
2910 DATA 195,189,253,243,239,255,239,255
2920 DATA 0,187,0,238,0,187,0,238
2930 DATA 129,129,129,129,161,129,129,129
2940 DATA 0,126,0,126,0,126,0,126
2950 DATA 126,0,126,0,126,0,126,0
2960 DATA 255,159,207,231,227,245,248,248
2970 DATA 255,255,251,133,187,255,255,255
2980 DATA 255,255,129,129,129,219,129,255
2990 DATA 255,225,195,195,195,195,131,255
3000 DATA 235,193,227,193,213,247,235,235
3010 DATA 255,255,255,231,231,255,255,255
3020 DATA 255,143,161,229,225,225,225,255
3030 DATA 255,231,195,195,195,195,195,255
3040 DATA 255,235,201,247,201,235,255,255
3050 DATA 255,215,199,171,199,215,239,255
3060 DATA 239,239,199,171,239,215,215,215
3070 DATA 255,215,139,139,199,239,255,255
3080 DATA 255,215,139,155,215,239,255,255
3090 DATA 255,215,171,187,215,239,255,255
3100 DATA 239,239,199,171,239,215,215,215
3110 DATA 255,215,131,131,199,239,255,255
3120 DATA 239,239,199,168,239,215,219,187
3130 DATA 239,239,199,171,237,213,213,215
3140 DATA 247,247,227,21,247,235,219,221
3150 DATA 237,237,197,171,239,215,215,215
3160 DATA 255,255,195,189,129,129,255,255
3170 DATA 255,195,189,189,219,231,231,255
3180 DATA 255,231,219,219,231,231,231,255
3190 DATA 255,255,231,219,219,231,231,255
3200 DATA 255,195,129,165,129,219,231,255
3210 DATA 255,195,129,165,129,219,219,231
3220 DATA 255,223,175,255,253,250,255,255
3230 DATA 0,119,119,119,0,221,221,221
3240 DATA 0,124,0,199,0,124,0,199
3250 DATA 0,127,0,247,0,127,0,247
3260 DATA 0,127,127,127,0,247,247,247
3270 DATA 231,231,231,0,0,231,231,231
3280 DATA 231,231,231,231,231,231,231,231
3290 DATA 255,255,255,0,0,255,255,255
3300 DATA 231,231,231,224,224,231,231,231
3310 DATA 255,255,255,0,0,231,231,231
3320 DATA 231,231,231,7,7,231,231,231
3330 DATA 231,231,231,0,0,255,255,255
3340 DATA 231,231,231,224,224,255,255,255
3350 DATA 255,255,255,224,224,231,231,231
3360 DATA 255,255,255,7,7,231,231,231
3370 DATA 231,231,231,7,7,255,255,255
3380 DATA 255,231,219,189,189,219,231,255
3390 DATA 255,231,195,129,129,195,231,255
3400 DATA 255,195,189,189,189,189,195,255
3410 DATA 255,195,129,129,129,129,195,255
3420 DATA 255,253,251,247,175,223,175,255
3430 DATA 223,209,198,239,175,70,209,223
3440 DATA 251,139,99,247,245,98,139,251
3450 DATA 255,255,207,63,123,59,151,199
3460 DATA 223,209,198,239,239,198,209,223
3470 DATA 211,207,222,206,181,112,255,255
3480 DATA 203,243,123,115,173,14,255,255
3490 DATA 251,139,99,247,247,99,139,251
3500 DATA 255,255,243,252,222,220,233,227
3510 DATA 219,189,189,153,195,24,255,255
3520 DATA 255,239,223,129,129,223,239,255
3530 DATA 255,247,251,129,129,251,247,255
3540 DATA 255,231,231,231,165,195,231,255
3550 DATA 255,231,195,165,231,231,231,255
3600DATA-1